
                            < M A T L A B (R) >
                  Copyright 1984-2010 The MathWorks, Inc.
                Version 7.10.0.499 (R2010a) 64-bit (glnxa64)
                              February 5, 2010

 
  To get started, type one of these: helpwin, helpdesk, or demo.
  For product information, visit www.mathworks.com.
 
Begin Correlation Matrix Creation
Reading file
Data Loaded. Computing Correlation Matrix
  Columns 1 through 7

    1.0000    0.1815   -0.0509    0.0563    0.0984   -0.1277   -0.2660
    0.1815    1.0000   -0.4205    0.1733    0.1628    0.2345   -0.3119
   -0.0509   -0.4205    1.0000    0.0833   -0.2175    0.1702    0.0589
    0.0563    0.1733    0.0833    1.0000   -0.1997   -0.0924    0.0053
    0.0984    0.1628   -0.2175   -0.1997    1.0000   -0.0431   -0.2858
   -0.1277    0.2345    0.1702   -0.0924   -0.0431    1.0000   -0.1666
   -0.2660   -0.3119    0.0589    0.0053   -0.2858   -0.1666    1.0000
   -0.0903    0.0391    0.2915    0.2938    0.2068    0.0507    0.0376
   -0.1635    0.0952   -0.0234    0.0281   -0.2028   -0.0395    0.0097
   -0.0354    0.3987   -0.1180   -0.0536    0.0808    0.2947   -0.1266

  Columns 8 through 10

   -0.0903   -0.1635   -0.0354
    0.0391    0.0952    0.3987
    0.2915   -0.0234   -0.1180
    0.2938    0.0281   -0.0536
    0.2068   -0.2028    0.0808
    0.0507   -0.0395    0.2947
    0.0376    0.0097   -0.1266
    1.0000   -0.1311    0.2279
   -0.1311    1.0000    0.0162
    0.2279    0.0162    1.0000

saving correlation matrix
computing % negative and density
Time Elapsed is 7 seconds.
